serial: 14.893968 sec
TS=50: 2.825692 sec
TS=60: 2.807003 sec
TS=100: 2.635024 sec
TS=120: 2.675113 sec
TS=150: 2.766253 sec
TS=300: 3.251251 sec
TS=500: 4.599790 sec